931555 298161
389042 33244
36442 154689
51209 123031
18509 55590
139696 76585
29720 17891
30144 43578
47723 77688
109059 143161
15297 27129
81229 35296
135765 14669
114916 114224
42254 152548
70436 156113
15542 112253
75599 18195
76182 90464
37533 87236
149876 54512
96621 28455
66546 84386
17718 93378
102240 37590
87586 160995
146991 5073
128675 78466
17077 92442
6535 134283
157585 39876
52696 109239
5692 7278
131492 158835
49783 14762
33983 109649
102129 108449
48118 59208
93 94975
26587 38560
116551 49976
38838 140822
34690 116704
154331 116611
152418 154377
9148 92034
77211 85071
125027 86251
15241 154180
155195 60154
17603 126755
29797 81588
121591 140536
19251 84939
118863 125523
32843 10730
12425 165771
143845 53496
75073 46064
92421 9296
28064 52081
93447 119067
46796 160969
57419 113168
62395 1784
88704 134132
118367 41376
19917 117100
103171 39686
134234 147892
37890 145888
84323 78201
65117 80884
129128 114158
98842 118527
54524 91276
142646 161464
77538 63337
82434 120553
36849 62604
26513 35017
95930 94348
164831 52565
84025 72271
160392 51494
157836 21422
151632 83357
47891 151749
112527 80471
79403 140518
12382 109859
40065 152304
143180 110753
128065 107407
51688 157475
53182 1317
62482 90500
17046 85756
9007 83801
69475 79924
122189 134354
139326 56489
25808 157586
30131 52395
163268 131223
27218 13398
373 113102
52368 92433
31039 46189
83373 120351
76402 78856
30142 155456
28427 144731
72533 111660
77598 141888
149252 28360
42364 116994
73043 29719
13932 78762
86766 131168
114257 5068
144705 40393
21434 39492
109513 116685
142577 89013
129583 87424
150213 94107
34308 50752
30902 98810
89693 8278
140561 27146
145827 128114
56194 29368
106445 134903
112364 117733
11591 59059
163005 60818
88944 38329
67132 16666
71411 91970
131287 137488
99738 85695
166311 75507
91626 157817
125105 18966
136750 65066
27792 93147
4102 72949
140606 139065
163873 9128
75400 95616
7328 122880
23410 159569
153260 55037
122672 72051
19670 110356
156767 48375
41707 147571
32226 157969
48946 15630
165483 103813
111800 69532
21416 135505
115600 158056
57745 12686
34491 58321
26290 76719
104243 96993
151951 148073
47979 125540
50381 30114
45276 56457
153898 100633
14352 115425
142295 53081
74734 21921
76833 122444
59948 126287
17504 89157
143290 208
129383 108431
12989 52898
101853 98174
53286 126489
57471 37033
43466 144442
73556 97698
114263 7064
64371 93126
114954 60362
90495 110147
81364 136856
142735 7742
114914 144072
129281 87586
115573 125461
149539 62760
128888 59412
22433 76587
38485 132398
