1785 562
9969 2487
209 6290
6701 9787
2353 9501
7784 5952
5684 2876
9046 4501
9308 2303
1295 3688
9927 2389
5587 7405
3732 8235
6479 607
8423 6300
8987 8285
4586 7389
8900 3677
3116 9107
4650 1446
7443 9455
5633 3896
6147 6713
4811 9295
1505 7772
4405 1479
9051 4872
2493 1086
3809 3395
3327 3773
6803 9513
7261 8034
6526 8662
3072 3828
8615 2437
294 4096
2685 3086
3170 253
7234 3122
6481 1319
9337 7732
2256 1845
3777 1032
5917 9551
8075 490
3929 2300
4590 53
2532 2280
4864 7214
8350 3359
6944 6442
136 7408
4880 6580
5637 8317
3822 1974
3024 5120
3256 8942
3626 4976
5371 7156
5034 3531
2955 3428
4029 9582
7251 1151
8283 5836
8604 4252
2910 8927
4706 6742
9673 1952
1689 5419
3302 8653
986 6377
8318 5796
7692 2789
5401 9813
2233 4839
9538 4633
309 2012
404 9166
1834 1515
2755 1325
3641 3848
7868 4846
9464 8140
4556 4937
1022 7302
7495 4423
4605 9036
6139 8243
4133 3982
5697 673
7919 526
10000 4173
6862 2883
8503 9212
1581 3502
9591 5643
2757 8837
9893 9538
1420 2610
9352 2911
4360 7935
1935 7764
7967 1961
7094 4044
2615 398
4017 9916
1278 1230
4058 5475
5861 7329
4951 9186
6679 1141
3901 5425
2205 6432
5108 9593
909 2614
7085 6433
4259 285
925 4053
9062 5751
2140 9879
4334 5868
6147 192
9113 8930
4615 6096
5247 3287
6201 3218
6928 785
4352 1553
707 2439
1956 4111
9014 3193
6881 1214
7445 9494
6081 8495
6883 2021
6889 6510
7578 7354
6371 6980
1059 7849
2455 9260
5402 3133
3280 8572
3030 4250
6161 1370
4802 136
8807 5671
2586 325
4971 4999
2845 8079
1183 9826
