1 1
2 2
3 3
1 10
10 1
100 500
500 1000
100 1000
1000 100
2000 5000
1 1000000
1 999999
2000 3000
3000 4000
5355 5909
909 420
214 999
4214 9999
214 560
100909 190000
241900 340000
909000 940000
317501 678351
122376 805212
113950 307354
489615 818514
619946 919150
427609 442979
167219 984278
541623 745670
705909 915326
512605 524626
695645 818202
73645 851813
282305 524008
445438 563282
52073 183499
53553 20491
24142 12414
124 21904
532 69095
421 12414
10414 90955
5252 214141
249019 624242
243 424
909 1337
414 52325
41414 73152
343 8999
920 5325
5133 9091
944526 855535
764006 566483
927199 321678
670455 459300
764902 616618
869231 505371
223305 72618
458822 394131
521194 82858
966192 719279
232670 82564
711117 635464
997781 27105
651089 14711
8153 9069
7822 8217
7124 8266
5839 8628
4255 4702
2122 4855
1582 4055
2419 9977
6309 6689
566 8294
8500 9300
1544 4536
459 9439
3891 4343
823 2674
576 1579
1236 2745
6103 7239
1068 8366
1341 9676
5810 6492
4809 6146
9649 6526
378565 450258
52951 148899
74174 484066
256706 379633
145764 460004
261244 367398
75088 323389
89074 216273
117576 155015
5139 89943
370326 256488
359296 341595
266327 204975
219881 14062
293631 259550
132724 128600
415534 189043
392973 219038
454459 297148
222888 26919
462483 301934