1 10
100 200
201 210
900 1000
47 81
15 33
42 57
58 62
14 52
55 84
10 63
45 71
37 92
80 98
74 97
40 68
17 91
45 65
49 73
23 61
49 52
9 72
42 50
11 60
59 91
38 85
81 81
41 82
41 64
27 71
49 54
19 90
35 42
72 74
24 28
80 93
9 98
34 89
20 69
14 50
84 89
40 96
18 100
40 70
37 65
44 92
21 48
2 12
5 53
35 81
24 67
21 61
3 9
44 74
21 94
24 77
35 60
11 46
36 56
43 49
43 45
9 72
81 98
35 90
56 84
33 35
77 84
72 79
5 82
50 57
90 99
43 69
7 52
22 28
11 96
51 67
12 18
25 47
42 84
10 37
24 48
83 92
77 89
17 71
622 682
499 622
377 427
440 747
272 633
133 784
153 465
162 740
471 576
276 709
100 687
154 971
245 826
635 696
254 947
128 599
608 883
605 912
207 439
247 486
336 606
385 616
255 499
319 350
897 978
393 644
157 533
140 372
471 973
484 784
516 686
808 880
440 914
352 566
135 743
406 998
269 907
132 793
692 962
216 462
718 832
380 692
17134 51868
5457 44639
66221 94838
76395 89343
20907 37901
80619 81807
33344 85911
48123 84725
5612 15231
47836 48832
54072 88533
72957 84477
53390 89572
6196 81631
27077 50373
12244 49837
38863 53656
37018 71299
27565 82497
71650 92168
15365 61784
26997 74853
16995 83748
42699 60756
62434 67544
62460 85871
16935 96814
42832 80215
54129 64150
45880 83528
44432 62012
430 346
592 312
499 475
956 718
878 874
894 840
568 50
146 105
925 298
683 319
933 271
993 562
982 520
665 147
875 219
804 147
996 117
440 434
379 96
292 37
379 214
9 9
1345 1345
645 645
1 1
2 2
