1 10
100 200
201 210
900 1000
1 10000
10001 20000
20001 30000
30001 40000
40001 50000
50001 60000
60001 70000
70001 80000
80001 90000
90001 100000
100001 110000
110001 120000
120001 130000
130001 140000
140001 150000
150001 160000
160001 170000
170001 180000
180001 190000
190001 200000
200001 210000
210001 220000
220001 230000
230001 240000
240001 250000
250001 260000
260001 270000
270001 280000
280001 290000
290001 300000
300001 310000
310001 320000
320001 330000
330001 340000
340001 350000
350001 360000
360001 370000
370001 380000
380001 390000
390001 400000
400001 410000
410001 420000
420001 430000
430001 440000
440001 450000
450001 460000
460001 470000
470001 480000
480001 490000
490001 500000
500001 510000
510001 520000
520001 530000
530001 540000
540001 550000
550001 560000
560001 570000
570001 580000
580001 590000
590001 600000
600001 610000
610001 620000
620001 630000
630001 640000
640001 650000
650001 660000
660001 670000
670001 680000
680001 690000
690001 700000
700001 710000
710001 720000
720001 730000
730001 740000
740001 750000
750001 760000
760001 770000
770001 780000
780001 790000
790001 800000
800001 810000
810001 820000
820001 830000
830001 840000
840001 850000
850001 860000
860001 870000
870001 880000
880001 890000
890001 900000
900001 910000
910001 920000
920001 930000
930001 940000
940001 950000
950001 960000
960001 970000
970001 980000
980001 990000
990001 1000000
6900 234234
89 18294
2940 283629
987 123123
9230 9300
1 1
100 100
1000 1000
9382 999999
800000 950000
173 289
829 1920
678 2947
5 7
19 10002
5784 248309
987987 990000
2937 29347
4001 5001
30450 123440
1234 1234
1111 2222
333 444
555 666
987 7654
876 9872
654123 987123
65423 987432
1 1000000
1 10
11 20
21 30
31 40
41 50
51 60
61 70
71 80
81 90
91 100
101 110
111 120
121 130
131 140
141 150
151 160
161 170
171 180
181 190
191 200
10 1
20 11
30 21
40 31
50 41
60 51
70 61
80 71
90 81
100 91
110 101
120 111
130 121
140 131
150 141
160 151
170 161
180 171
190 181
200 191