1 10
100 200
201 210
900 1000
2000 3000
4000 6000
1 1000000
10 1000000
20000 201
20120 200000
3430 133490
991518 66647
766513 523327
435106 7789
930756 252368
420726 812523
454549 460772
367396 940127
963584 285386
301601 620821
724265 868046
466756 902944
489105 795073
544465 427972
266220 138205
626510 727220
194066 358889
104589 300248
692984 526540
989959 553339
646310 63276
702227 736345
246200 677698
16735 892394
371469 23448
935427 736342
471188 900652
813017 875165
494570 155082
91040 476032
825006 375510
33112 859468
843640 787247
15309 988643
94047 330040
560588 847148
255111 795337
978933 331384
103055 55498
904330 659927
656987 202009
262171 84519
771959 111918
482571 140760
37419 720196
300518 416516
925777 331089
371211 247681
366667 433941
934263 935537
28774 726894
552470 551024
133981 276071
217456 702320
400403 922493
819547 287473
262770 64459
723867 905980
754430 199682
590495 257630
217071 367149
550358 575455
941633 635378
271071 45443
856886 942193
552760 652142
87363 93151
712793 973802
703733 143980
336195 782070
255674 536355
43081 34035
959985 786759
332954 570542
39293 379165
484869 595472
906399 346715
680492 472672
743617 812618
642030 440836
634208 170002
295510 485324
778043 409669
868849 738237
668803 852345
278897 359818
711591 980304
951043 390136
817456 759370
420572 403247
395508 11761
549186 521489
566445 449435
669730 973013
822422 263971
78014 765648
213651 753556
935325 763399
37534 955213
385173 840016
