399999   402999
402999   405999
405999   408999
408999   411999
411999   414999
414999   417999
417999   420999
420999   423999
423999   426999
426999   429999
429999   432999
432999   435999
435999   438999
438999   441999
441999   444999
444999   447999
447999   450999
450999   453999
453999   456999
456999   459999
459999   462999
462999   465999
465999   468999
468999   471999
471999   474999
474999   477999
477999   480999
480999   483999
483999   486999
486999   489999
489999   492999
492999   495999
495999   498999
498999   501999
501999   504999
504999   507999
507999   510999
510999   513999
513999   516999
516999   519999
519999   522999
522999   525999
525999   528999
528999   531999
531999   534999
534999   537999
537999   540999
540999   543999
543999   546999
546999   549999
549999   552999
552999   555999
555999   558999
558999   561999
561999   564999
564999   567999
567999   570999
570999   573999
573999   576999
576999   579999
579999   582999
582999   585999
585999   588999
588999   591999
591999   594999
594999   597999
597999   600999
600999   603999
603999   606999
606999   609999
609999   612999
612999   615999
615999   618999
618999   621999
621999   624999
624999   627999
627999   630999
630999   633999
633999   636999
636999   639999
639999   642999
642999   645999
645999   648999
648999   651999
651999   654999
654999   657999
657999   660999
660999   663999
663999   666999
666999   669999
669999   672999
672999   675999
675999   678999
678999   681999
681999   684999
684999   687999
687999   690999
690999   693999
693999   696999
696999   699999
699999   702999
702999   705999
705999   708999
708999   711999
711999   714999
714999   717999
717999   720999
720999   723999
723999   726999
726999   729999
729999   732999
732999   735999
735999   738999
738999   741999
741999   744999
744999   747999
747999   750999
750999   753999
753999   756999
756999   759999
759999   762999
762999   765999
765999   768999
768999   771999
771999   774999
774999   777999
777999   780999
780999   783999
783999   786999
786999   789999
789999   792999
792999   795999
795999   798999
798999   801999
801999   804999
804999   807999
807999   810999
810999   813999
813999   816999
816999   819999
819999   822999
822999   825999
825999   828999
828999   831999
831999   834999
834999   837999
837999   840999
840999   843999
843999   846999
846999   849999
849999   852999
852999   855999
855999   858999
858999   861999
861999   864999
864999   867999
867999   870999
870999   873999
873999   876999
876999   879999
879999   882999
882999   885999
885999   888999
888999   891999
891999   894999
894999   897999
897999   900999
900999   903999
903999   906999
906999   909999
909999   912999
912999   915999
915999   918999
918999   921999
921999   924999
924999   927999
927999   930999
930999   933999
933999   936999
936999   939999
939999   942999
942999   945999
945999   948999
948999   951999
951999   954999
954999   957999
957999   960999
960999   963999
963999   966999
966999   969999
969999   972999
972999   975999
975999   978999
978999   981999
981999   984999
984999   987999
987999   990999
990999   993999
993999   996999
996999   999999
