952866  596817
883682  5321
732585  603739
142104  187888
560818  971119
267786  389575
919487  387933
476204  892881
239364  662863
764280  501226
616126  857940
972405  355574
144342  910015
85710   944168
211819  794608
522179  153521
495671  676773
1312    960195
382765  365818
922167  320242
211045  329866
729288  698606
640365  90206
517994  782582
72298   788309
380592  69761
288403  447680
146692  954439
639410  399946
672195  69466
403392  491807
314259  925546
494181  819816
366214  734907
326542  178362
287326  995982
856721  630466
730288  961921
477268  363379
194303  129808
355801  482450
789515  691163
23516   821613
518372  787585
843048  904966
576034  846877
230457  514193
961596  29584
871784  472268
33998   278445
327498  945385
741749  810806
584823  168373
84466   66360
765815  661838
921416  106506
814352  499027
188480  77939
996015  596156
893189  627379
113175  851141
382317  476388
883607  266765
701812  967199
969811  581215
959124  335224
814571  270635
587632  600175
683222  545738
828264  142133
278686  719218
902033  877248
136399  559346
893158  648465
769200  325615
677143  308685
494154  543358
863331  658081
122634  117397
448611  980577
810702  534289
36619   385019
86952   190244
131976  351665
234435  431942
894381  251976
117209  882987
938116  529855
128049  150068
324822  964665
459980  682520
903556  196663
476759  39504
347499  851335
525798  892532
175568  918386
822462  623123
36270   120525
622983  499643
889368  700147
920532  668524
767506  331826
697133  593548
972957  82280
297772  189778
857860  964691
396352  973948
601009  375967
533566  940090
374016  556723
538487  241000
349857  145046
649807  657492
486960  954959
264909  273713
184868  592121
807616  780196
776009  803012
727578  743105
270225  885862
786635  265348
944065  153858
348906  353169
792480  597014
151916  269616
759489  477724
376538  396969
478517  123687
72519   541527
611915  542014
656629  738042
421274  886398
171226  560352
964923  69621
709276  918647
155117  945134
952630  976576
851328  145552
950991  6996
14966   614294
813332  479930
106541  176629
883813  185944
12118   810287
95315   466769
88190   876343
948662  662462
455241  145246
620812  75361
411135  483051
