1 10
100 200
201 210
900 1000
10 1
200 100
210 201
1000 900
1 1000000
1 100000
100000 200000
200000 300000
300000 400000
400000 500000
500000 600000
600000 700000
700000 800000
800000 900000
900000 1000000
800000 1000000
837799 837799
837799 700000
1 11
1 1
1 2
2 1
999999 1000000
888888 999999
777777 888888
555555 444444
222222 111111
777777 575575
1 200000
5 5
10 10
1 100001
999999 200001
199999 300001
299999 400001
399999 500001
499999 600001
599999 700001
699999 800001
799999 900001
899999 1000000
200001 999999
300001 199999
400001 299999
500001 399999
600001 499999
700001 599999
800001 699999
900001 799999
1000000 899999
1 1000
1000 2000
1000 1
2000 1000
5 2000
1000 1
502000 504000
502002 500000
5005 4004
837799 800000
123456 654321
654321 123456
112233 445566
445566 112233
500 1000
501 1001
3 3
4 4
5 5
3 5
2 2
4 4
8 8
16 16
32 32
64 64
64 4
16 64
50 20
20 55
54 54
500000 500000
499999 500000
500000 500001
499999 500001
500000 499999
500001 500000
500001 499999
250110 250110
250555 250555
755555 755555
555555 222229
26 34
26 26
34 34
34 26
31 34
26 34
28 34
26 27
27 27
