1 10
100 200
201 210
900 1000
1 1000000
1 500000
500001 1000000
1 250000
250001 500000
500001 750000
750001 1000000
1 31250
31251 62500
62501 93750
93751 125000
12501 156250
156251 187500
187501 218750
218751 250000
250001 281250
281251 312500
312501 343750
343751 375000
375001 406250
406251 437500
437501 468750
468751 500000
500001 531250
531251 562500
562501 593750
593751 625000
625001 656250
656251 687500
687501 718750
718750 750000
750001 781250
781251 812500
812501 843750
843751 875000
875001 906250
906251 937500
937501 968750
968751 1000000
327958 885082
357890 411837
706530 993635
873182 980233
291215 331478
284220 540508
789924 962385
693786 806093
655428 848805
924728 967244
524905 948859
789657 973024
255634 492041
208943 733756
490899 724381
441085 802656
583888 722688
47418 351801
589302 671709
960190 983661
97 250
91 112
15 711
53 466
70 773
94 319
7 839
15 351
21 756
47 227
25 183
90 677
92 657
2 340
87 386
31 542
93 403
26 483
80 775
29 635
14276 419801
22209 112877
2811 359323
41970 314680
46198 293972
42157 118104
550 408380
9984 352131
19648 375210
30123 232665
26956 103653
48103 114718
36481 283911
31453 499829
48938 320364
21073 298953
49577 260471
2314 131698
25628 305566
20346 54095
679643 718714
713851 732907
533108 583298
605645 701318
633599 680426
732481 744849
671633 743782
676141 781412
710240 750284
712255 781992
503365 519272
520326 648810
613735 700518
655408 733718
635790 725080
742109 772352
622613 664294
546739 756098
678665 773223
581076 711976
383677 304487
666006 347046
171444 43068
702839 387646
542759 402310
503050 376723
403172 311774
148866 133757
324632 270630
576676 290617
251429 242489
131892 100866
13682 10581
436087 164050
246017 42610
737569 655396
644472 596385
321368 275786
179160 129209
385857 82831
