1 10
100 200
201 210
900 1000
60000 50000
900001 1000000
15 7500
81 5
85731 49387
5000 5002
8134 10000
1000000 1000000
500000 500000
250000 250000
125000 125000
62500 62500
31250 31250
15625 15625
46876 46876
1000000 990000
1 10
1 100
101 200
750000 800000
817547 817632
149865 149909
518594 518676
648991 649080
453797 453782
825313 825100
133171 133043
390937 391001
803364 803262
399257 399270
416799 416829
627973 627880
431651 431437
984063 984000
106216 106190
198118 198115
339493 339710
920332 920082
737858 737718
422835 422851
942736 942708
983052 983003
701098 701164
539126 539214
666527 666448
128014 128199
32600 32610
881866 881877
190433 190386
460725 460872
156404 156482
644764 644740
190923 190894
482022 481875
589507 589424
384619 384652
251806 251777
617090 616906
824376 824618
730248 730216
584069 583965
906308 906402
817760 817672
594356 594300
425259 425201
161484 161393
422885 422715
598523 598511
695949 695975
638530 638381
68806 68761
530864 530976
407619 407745
718358 718475
531333 531267
105629 105644
778802 778772
90823 90792
153656 153606
440085 440089
457424 457485
518052 518233
637709 637889
240707 240759
289064 289124
695140 694921
254790 254645
667832 667979
344462 344543
675332 675226
602170 602094
647311 647322
721046 721056
993704 993587
105798 105683
63591 63547
448372 448350
763504 763542
771980 772157
972740 972611
138874 138964
93820 93826
530344 530566
484853 484802
671431 671455
520052 519991
149997 150028
262145 262041
754933 754891
