2088 58995
49742 69655
19060 79707
32810 60814
46945 58040
3457 91082
5945 94607
42437 96969
14183 73782
5235 68025
38946 85738
24953 77967
8890 94089
12519 64768
38616 58345
24238 87829
42716 64120
41994 78703
3138 91365
31165 76299
9390 52511
5484 74931
47694 92061
11086 62611
30373 65907
27769 90698
26593 56164
24452 54908
32897 88540
2484 65356
16633 73830
11692 90891
14761 93983
1266 52410
7681 79257
26988 74374
29413 96221
31593 53254
2092 74309
24362 86826
32582 72456
7595 99913
47214 77182
22286 52200
43337 86225
36128 62513
33998 65317
38329 53743
18828 82931
39631 61439
5017 86908
40226 84592
43184 70000
1377 51305
9756 88937
27228 92499
13157 67743
35937 91883
14821 51221
19322 59134
30553 89362
31894 72129
6326 94720
22196 65832
31051 90559
35811 62839
31794 77209
24704 81850
2197 54215
48158 71766
3917 51541
7908 85245
49047 76775
28282 76264
48879 87645
5308 81026
29897 74132
20274 95891
12555 53547
41682 58495
48099 64637
25830 67998
34560 54007
6777 60363
49536 96239
46503 61506
27760 84724
48747 61225
38337 89851
20293 91657
36724 89593
25013 65141
21107 59805
12116 71949
2999 55155
143 94670
36 72259
25909 74678
18683 89964
42976 54020
45823 72293
24021 93514
35776 69292
20141 70574
11005 77499
18755 51306
16089 70235
44054 65171
19746 56724
24025 97295
35445 98987
11203 69744
691 64909
14667 64296
25657 67252
48031 81061
37271 54761
8050 57988
33441 93159
6277 72438
3883 84724
32112 61862
46984 84910
39036 57638
27535 53021
16764 54955
42229 88876
3470 63980
14605 89832
418 79209
21160 88009
32301 95461
41600 63185
12205 59136
12709 80825
41981 99488
35209 52426
23500 58359
9148 72089
37970 96525
36432 76309
23082 94529
26590 84056
49824 77894
28674 73610
25973 65439
32369 62428
21710 74743
24769 66303