1 10
100 200
201 210
900 1000
110 1111
1111 110
43243 23434
12344 66565
34435 45566
3234  494949
4232 458458
5454 23
1 100
100 300
600 400
1200 600
601 1201
4324 567
1205 5063
6079 493
20977 5395
9999 5555
999999 999998
54542 324960
9870 69865
90005 48683
86453 43456
2222 2222
54369 3495
91994 69743
9496 59683
58689 539686
10006 6435
10006 66
134235 32332
9685 65443
3959 324345
3996 77070
99865 3434
65 5454
9939 25438
97965 23423
1294 6940
32443 6064
124349 54359
969744 69546
1000000 500000
2222 54359
234949 85535
32148 96234
10004 49682
33485 13488
95928 24864
74654 63246
65727 72475
84327 54324
747 547
643 234
5863 3845
3845 383
33  3333
3 33
333 3333
33333 33
6823 1234
1593 5324
9582 4851
2848 9292
96042 31857
7532 7234
75243 2848
765 7555
72348 7432
7283 711
73240 8704
123 4324
18473 62347
154 42375
37172 75828
1828 3847
371 9583
128 5843
8382 84055
182 1823
84 8480
81 2923
10 1053
9032 233
9 999
1327 754
72 7438
734 7432
74 7548
65324 643
5342 523
4243 44
421 49
32321 38
85943 84375
7421 5374
8233 834
12 234
456 912
10 1032
234 2458
21 2384
10 2130
23 94
9554 931
1100 3485
32 64
128 256
512 128
1024 2048
4096 8012
324 512
314 1956
