4767 7783
3623 8508
3158 4945
3979 5920
3669 5765
1707 2464
2318 3365
4233 5892
630 5048
526 4047
2525 3863
729 5204
1704 2453
4845 5729
3363 4034
4925 9510
4345 4823
1141 3168
2574 5365
815 3232
2378 3241
809 1265
1642 3908
2241 7038
1214 4042
968 1782
1084 4787
1275 5065
2883 6768
4297 4528
1591 2608
483 3454
2584 5036
4861 7716
4476 6470
4206 4934
4425 9239
2010 3344
3306 3692
535 3978
5 1114
760 3966
110 3795
2978 3648
3488 6095
3982 8557
872 1033
4637 7727
1567 6431
4027 6697
4946 7274
2450 2917
3568 5238
2721 4934
2865 4296
4385 5129
952 1925
1236 4300
572 1908
91 1037
411 2600
1570 1756
3203 6901
2962 3018
4009 5859
535 1710
2306 5499
3429 7828
4872 7124
145 2217
4422 4481
2277 4841
4340 8701
1068 3362
76 3627
3985 8791
3487 8115
2959 5236
2483 6495
4574 6947
4327 8506
2879 7551
4753 5619
3809 8520
2059 4832
4361 5645
453 2759
1904 6208
3824 7255
3439 4252
3376 4725
4082 6320
4433 9332
2388 2915
477 3053
775 1391
2694 3464
3501 3928
208 3579
603 3822
3434 7235
1158 5764
2404 4694
4274 7286
2023 6294
2601 6919
4437 8603
4663 4940
952 4024
4654 8739
4932 6296
4004 6468
4927 5373
3512 8182
1989 3653
4163 6579
2825 6703
4078 8676
738 3313
3790 8555
4235 6907
859 5037
2463 5455
4496 4740
553 1474
1565 5585
3193 3744
641 1584
1159 4696
3561 5991
598 5503
619 2323
4936 6318
2762 6411
4912 6877
3333 5086
4987 9043
1448 5463
2705 5295
956 3891
1028 4276
3578 8043
2427 6818
628 2841
4663 9034
3019 6991
3048 5874
4897 6511
4952 6586
2666 3520
1 1000000
